-1.209460475686413758e+02
-1.209460475681799778e+02
-1.209460475684944356e+02
-1.209460475672181872e+02
-1.209460475660175405e+02
-1.209460475649134708e+02
-1.209460475662253458e+02
-1.209460475662868078e+02
-1.209460475637539503e+02
-1.209460475676523714e+02
-1.209460475716217189e+02
-1.209460475625948419e+02
-1.209460475637180963e+02
-1.209460475685492753e+02
-1.209460475626603113e+02
-1.209460475660445127e+02
-1.209460475614151136e+02
-1.209460475620555826e+02
-1.209460475660954728e+02
-1.209460475658382563e+02
-1.209460475623256315e+02
-1.209460475634485022e+02
-1.209460475677144018e+02
-1.209460475683407452e+02
-1.209460475635915486e+02
-1.209460475596217606e+02
-1.209460475686671259e+02
-1.209460475661286694e+02
-1.209460475632187411e+02
-1.209460475643398780e+02
-1.209460475673573114e+02
-1.209460475651773237e+02
-1.209460475678526876e+02
-1.209460475656586880e+02
-1.209460475645991835e+02
-1.209460475622452265e+02
-1.209460475598940121e+02
-1.209460475637687722e+02
-1.209460475627660543e+02
-1.209460475673143094e+02
-1.209460475661457650e+02
-1.209460475667677031e+02
-1.209460475649380697e+02
-1.209460475679311742e+02
-1.209460475646907724e+02
-1.209460475657513285e+02
-1.209460475670789918e+02
-1.209460475666958246e+02
-1.209460475655648537e+02
-1.209460475700069964e+02
-1.209460475644253989e+02
-1.209460475589246471e+02
-1.209460475637954460e+02
-1.209460475683920038e+02
-1.209460475696379689e+02
-1.209460475638599064e+02
-1.209460475645645516e+02
-1.209460475619833915e+02
-1.209460475624659068e+02
-1.209460475647003364e+02
-1.209460475665754444e+02
-1.209460475643941919e+02
-1.209460475654218072e+02
-1.209460475628452798e+02
-1.209460475658337941e+02
-1.209460475650462854e+02
-1.209460475632730407e+02
-1.209460475688590719e+02
-1.209460475657081844e+02
-1.209460475608664751e+02
-1.209460475605686298e+02
-1.209460475644422814e+02
-1.209460475645584836e+02
-1.209460475615150585e+02
-1.209460475684613385e+02
-1.209460475632455001e+02
-1.209460475656049567e+02
-1.209460475639328365e+02
-1.209460475604453791e+02
-1.209460475671563273e+02
-1.209460475641907777e+02
-1.209460475656686356e+02
-1.209460475665287191e+02
-1.209460475660957428e+02
-1.209460475649187288e+02
-1.209460475699088704e+02
-1.209460475615203165e+02
-1.209460475629685021e+02
-1.209460475607805989e+02
-1.209460475653200149e+02
-1.209460475642245854e+02
-1.209460475698753754e+02
-1.209460475669329895e+02
-1.209460475670860404e+02
-1.209460475644499127e+02
-1.209460475671363042e+02
-1.209460475622180127e+02
-1.209460475676060156e+02
-1.209460475658655554e+02
-1.209460475639516943e+02
