9.999999999999964473e+01
9.999999999999975842e+01
9.999999999999991473e+01
9.999999999999964473e+01
9.999999999999964473e+01
9.999999999999982947e+01
9.999999999999988631e+01
9.999999999999977263e+01
9.999999999999971578e+01
9.999999999999953104e+01
9.999999999999948841e+01
9.999999999999964473e+01
9.999999999999984368e+01
9.999999999999951683e+01
9.999999999999975842e+01
9.999999999999971578e+01
9.999999999999980105e+01
9.999999999999967315e+01
9.999999999999975842e+01
9.999999999999945999e+01
9.999999999999944578e+01
9.999999999999987210e+01
9.999999999999931788e+01
9.999999999999957367e+01
9.999999999999980105e+01
9.999999999999953104e+01
9.999999999999987210e+01
9.999999999999984368e+01
9.999999999999987210e+01
9.999999999999967315e+01
9.999999999999931788e+01
9.999999999999972999e+01
9.999999999999955946e+01
9.999999999999951683e+01
9.999999999999931788e+01
9.999999999999960210e+01
1.000000000000000426e+02
9.999999999999931788e+01
9.999999999999975842e+01
9.999999999999982947e+01
9.999999999999982947e+01
9.999999999999982947e+01
9.999999999999936051e+01
9.999999999999984368e+01
9.999999999999941735e+01
9.999999999999944578e+01
9.999999999999967315e+01
9.999999999999971578e+01
9.999999999999991473e+01
9.999999999999964473e+01
9.999999999999988631e+01
9.999999999999975842e+01
9.999999999999931788e+01
9.999999999999968736e+01
9.999999999999940314e+01
9.999999999999960210e+01
9.999999999999961631e+01
9.999999999999957367e+01
9.999999999999972999e+01
9.999999999999961631e+01
9.999999999999987210e+01
9.999999999999984368e+01
9.999999999999988631e+01
9.999999999999975842e+01
9.999999999999992895e+01
9.999999999999964473e+01
9.999999999999961631e+01
9.999999999999948841e+01
9.999999999999936051e+01
9.999999999999955946e+01
9.999999999999984368e+01
9.999999999999975842e+01
9.999999999999984368e+01
9.999999999999957367e+01
9.999999999999997158e+01
9.999999999999945999e+01
9.999999999999991473e+01
9.999999999999967315e+01
9.999999999999945999e+01
9.999999999999984368e+01
9.999999999999948841e+01
9.999999999999977263e+01
9.999999999999933209e+01
9.999999999999968736e+01
9.999999999999960210e+01
9.999999999999991473e+01
9.999999999999972999e+01
9.999999999999992895e+01
9.999999999999988631e+01
9.999999999999980105e+01
9.999999999999975842e+01
9.999999999999984368e+01
9.999999999999940314e+01
9.999999999999982947e+01
9.999999999999960210e+01
9.999999999999961631e+01
9.999999999999991473e+01
9.999999999999945999e+01
9.999999999999967315e+01
9.999999999999982947e+01
